 &InitialConditions
 DaysSinceRain=           0
 Temp_C0=   10.931527777777768     
 ID_Prev=         366
 GDD_1_0=   0.0000000000000000     
 GDD_2_0=  -240.35499999999996     
 PavedState=   5.1029999947554833E-002
 BldgsState=   4.8124938436944847E-002
 EveTrState=  0.86645074986409998     
 DecTrState=  0.77993454715851607     
 GrassState=  0.99034245922580288     
 BSoilState=   5.9628389968248589E-002
 WaterState=   19166.767007888517     
 LAIinitialEveTr=   4.0000000000000000     
 LAIinitialDecTr=   1.0000000000000000     
 LAIinitialGrass=   1.6000000000000001     
 albEveTr0=  0.10000000000000001     
 albDec0=  0.12000000000000004     
 albGrass0=  0.18000000000000013     
 DecidCap0=  0.29999999999999993     
 porosity0=  0.59999999999999987     
 soilstorePavedState=   144.35866519997427     
 soilstoreBldgsState=   144.24943106084959     
 soilstoreEveTrState=   150.00000000000000     
 soilstoreDecTrState=   149.99899116974601     
 soilstoreGrassState=   149.99933883204875     
 soilstoreBSoilState=   150.00000000000000     
 SnowWaterPavedstate=   0.0000000000000000     
 SnowWaterBldgsState=   0.0000000000000000     
 SnowWaterEveTrState=   0.0000000000000000     
 SnowWaterDecTrState=   0.0000000000000000     
 SnowWaterGrassState=   0.0000000000000000     
 SnowWaterBSoilState=   0.0000000000000000     
 SnowWaterWaterState=   0.0000000000000000     
 SnowPackPaved=   0.0000000000000000     
 SnowPackBldgs=   0.0000000000000000     
 SnowPackEveTr=   0.0000000000000000     
 SnowPackDecTr=   0.0000000000000000     
 SnowPackGrass=   0.0000000000000000     
 SnowPackBSoil=   0.0000000000000000     
 SnowPackWater=   0.0000000000000000     
 SnowFracPaved=   0.0000000000000000     
 SnowFracBldgs=   0.0000000000000000     
 SnowFracEveTr=   0.0000000000000000     
 SnowFracDecTr=   0.0000000000000000     
 SnowFracGrass=   0.0000000000000000     
 SnowFracBSoil=   0.0000000000000000     
 SnowFracWater=   0.0000000000000000     
 SnowDensPaved=   0.0000000000000000     
 SnowDensBldgs=   0.0000000000000000     
 SnowDensEveTr=   0.0000000000000000     
 SnowDensDecTr=   0.0000000000000000     
 SnowDensGrass=   0.0000000000000000     
 SnowDensBSoil=   0.0000000000000000     
 SnowDensWater=   0.0000000000000000     
 SnowAlb0=   0.0000000000000000     
 /
